tcpack.py results:
1856.397714 1852.080576 19220.000000 0.000000
10.000000 0.000000 10.000000 0.000000
46991.284450 27571.520812 137472.000000 0.000000
0.000000 0.000000 0.000000 0.000000
0.000000 0.000000 0.000000 0.000000
0.000000 0.000000 0.000000 0.000000
8720.364997 9823.621839 42292.000000 0.000000
8920.312479 9985.351143 42680.000000 0.000000
14854.548046 14816.502207 153760.000000 0.000000
1.000000 0.000000 1.000000 0.000000
0.987420 0.146333 2.000000 0.000000
45970034119551.617188 287838412375688.437500 1848256395733647.000000 0.000000
253.708280 161.759092 424.000000 0.000000
tcp.py results:
1.180193 0.498190 5.000000 0.000000
1578.197286 1611.948779 8846.000000 0.000000
28.308194 87.892373 4330.000000 0.000000
1.088205 0.527725 15.000000 0.000000
0.961769 0.467609 7.000000 0.000000
0.868346 0.438873 4.000000 0.000000
